((("setq" .
   [0 0 0 1])
  ("*index*" .
   [1 0 0 0 0 0 0])
  ("*page*" .
   [1 0 0 0 0 0])
  ("ql:quickload" .
   [0 0 1 0 2 0 0 0 0 0 0 0])
  ("sequence->mat2" .
   [0 0 1 0 0 0 0 0 0 0 0 0 0 0])
  ("set-macro-policy" .
   [0 0 1 0 0 0 0 0 0 0 0 0 0 0 0 0])
  ("setf" .
   [0 0 1 0])
  ("url" .
   [4 0 0])
  ("use" .
   [2 0 0])
  ("resp" .
   [1 0 0 0])
  ("stream" .
   [1 0 0 0 0 0])
  ("callback" .
   [1 0 0 0 0 0 0 0])
  ("reader" .
   [3 0 0 0 0 0])
  ("StreamReader" .
   [1 0 0 0 0 0 0 0 0 0 0 0])
  ("html100" .
   [1 0 0 0 0 0 0])
  ("html" .
   [1 0 0 0])
  ("fetchurl" .
   [2 0 0 1 0 0 0 0])
  ("myCallback" .
   [0 0 2 0 0 0 0 0 0 0])
  ("google" .
   [1 0 0 0 0 0])
  ("fetchurl2" .
   [2 0 0 0 0 0 0 0 0])
  ("http" .
   [2 0 0 0])
  ("sites" .
   [1 0 0 0 0])
  ("client" .
   [1 0 0 0 0 0])
  ("make-instance" .
   [1 0 0 0 0 0 0 0 0 0 0 0 0])
  ("thread" .
   [1 0 0 0 0 0])
  (":link" .
   [1 0 0 0 0])
  (":board" .
   [1 0 0 0 0 0])
  ("*cat*" .
   [1 0 0 0 0])
  (":table" .
   [1 0 0 0 0 0])
  ("jonathan:parse" .
   [1 0 0 0 0 0 0 0 0 0 0 0 0 0])
  ("dex:get" .
   [1 0 0 0 0 0 0])
  (":threads" .
   [1 0 0 0 0 0 0 0])
  ("quit" .
   [2 0 0 0])
  ("c" .
   [1])))
